2
1
ysaqiblcmbaawxdixzrs
(65537, 103610264678580590306499805429133448155652973992097236096532001476352976696852764357081189909470764232200243701522680059172048791777818107716220889084393501813050350196682491847293701236158797087743093275707899883196381724655099539547911312635946056482149323344456460599802282679756407750010522414301878151637)
(18345263154099961394580523096871454787344509364241517427776024919230357532237964471971102243152703787943476630185531522752528406545765007887743216762062681452065375888349187401951841966488315794343395519103021942651169651933081729202054485954469248054512931295411423272623244912634157273375004576769748771825, 103610264678580590306499805429133448155652973992097236096532001476352976696852764357081189909470764232200243701522680059172048791777818107716220889084393501813050350196682491847293701236158797087743093275707899883196381724655099539547911312635946056482149323344456460599802282679756407750010522414301878151637)
2
vkqcjncnswfsdzddyiwl
pnbcgrefcuqxnftimghe
(65537, 103710264678580590306499805429133448155652973992097236096532001476352976696852764357081189909470764232200243701522680059172048791777818107716220889084393501813050350196682491847293701236158797087743093275707899883196381724655099539547911312635946056482149323344456460599802282679756407750010522414301878151637)
(18345263154099961394580523096871454787344509364241517427776024919230357532237964471971102243152703787943476630185531522752528406545765007887743216762062681452065375888349187401951841966488315794343395519103021942651169651933081729202054485954469248054512931295411423272623244912634157273375004576769748771825, 103610264678580590306499805429133448155652973992097236096532001476352976696852764357081189909470764232200243701522680059172048791777818107716220889084393501813050350196682491847293701236158797087743093275707899883196381724655099539547911312635946056482149323344456460599802282679756407750010522414301878151637)
